My PID=3599

Environment:
USE_HEURISTIC=1
Seed=1
SHUFFLE=300
Puzzle 15 solving program
Final is:
 1  2  3  4 
 5  6  7  8 
 9 10 11 12 
13 14 15  0 
x=3, y=3
State(00,00[00])
Starting is:
 9  1 15  6 
 7  8  2 12 
13  3  4 11 
 5  0 10 14 
x=3, y=1
State(00,32[32])
Step 10000, set=9787
 1  7 15  6 
 0  9  8 12 
13  3  2 11 
 5 10  4 14 
x=1, y=0
State(09,34[43])
Step 20000, set=19700
 1 15  4  2 
 9  7 11  6 
13  8  0 12 
 5  3 10 14 
x=2, y=2
State(14,28[42])
Step 30000, set=28854
 0  1 15  6 
 9  2  4 12 
 7  8 10 11 
13  5  3 14 
x=0, y=0
State(10,34[44])
Step 40000, set=38420
 1 15  6  2 
 9  7  4  8 
 3  5 14 12 
13 10 11  0 
x=3, y=3
State(20,22[42])
Step 50000, set=48274
 1  2  4  0 
 9  7  6  8 
13  3 15 12 
 5 10 14 11 
x=0, y=3
State(25,18[43])
Step 60000, set=58641
 9  1  6 12 
 7  3 11  8 
13  2  0  4 
 5 10 14 15 
x=2, y=2
State(20,24[44])
Step 70000, set=68798
 1  8  0  6 
13  2 15 12 
 9  7  4 11 
 5  3 10 14 
x=0, y=2
State(12,32[44])
Step 80000, set=78876
 9  1 15  6 
 5  7  8 12 
 4  2 10 11 
 3 13 14  0 
x=3, y=3
State(14,28[42])
Step 90000, set=88734
 1  2  3  6 
 7 15  8 12 
 9 13 14  4 
 5 10 11  0 
x=3, y=3
State(22,20[42])
Step 100000, set=98571
 9  1  2 15 
 7  4  0  6 
13  8  3 12 
 5 10 14 11 
x=1, y=2
State(15,30[45])
Step 110000, set=108171
 8  2  3  6 
 1  7 15 12 
 9  5  0  4 
13 10 14 11 
x=2, y=2
State(22,22[44])
Step 120000, set=118147
 1  2 15  6 
 9 13  3  8 
 7 11 12  0 
 5 10  4 14 
x=2, y=3
State(19,26[45])
Step 130000, set=127215
 1  2  6  4 
 9 15  0  7 
13 10 11 12 
 5  8  3 14 
x=1, y=2
State(23,22[45])
Step 140000, set=136875
 9  1  6 12 
 7  3 11  8 
13  2 14  4 
 5 10  0 15 
x=3, y=2
State(21,24[45])
Step 150000, set=146338
 1  2  7  0 
 9  8 15  6 
13  3 11 12 
 5 10  4 14 
x=0, y=3
State(21,24[45])
Step 160000, set=154965
 1  4  3  8 
 9  2  6 12 
 7 11 15  0 
13  5 10 14 
x=2, y=3
State(25,20[45])
Step 170000, set=163211
 1  2  8  6 
 5 15  3  4 
 9 10  7  0 
13 14 11 12 
x=2, y=3
State(31,14[45])
Step 180000, set=172498
 9  1  4 15 
 7  8  2  6 
13  3  0 10 
 5 14 11 12 
x=2, y=2
State(18,28[46])
Step 190000, set=182591
 1  6  2 12 
 9  7  3  8 
13  4 15  0 
 5 10 14 11 
x=2, y=3
State(23,20[43])
Step 200000, set=192450
 1  2  8  0 
 9  7  6 15 
13  3  4 12 
 5 10 14 11 
x=0, y=3
State(21,24[45])
Step 210000, set=202671
 9  1 15  6 
 7  3  4  0 
13 10  8  2 
 5 14 12 11 
x=1, y=3
State(16,30[46])
Step 220000, set=212045
 1 15  4  2 
 9 13  8  6 
 5  7 11 12 
 0  3 10 14 
x=3, y=0
State(17,28[45])
Step 230000, set=221460
 7  9 15  6 
 1  2  4 12 
 0  3  8 11 
13  5 10 14 
x=2, y=0
State(12,34[46])
Step 240000, set=232657
 1  7  6  4 
 9  2 15  8 
13 10  0 12 
 5 14 11  3 
x=2, y=2
State(26,18[44])
Step 250000, set=242514
 9  1 15  6 
 7  2  4  3 
10  5 11  8 
13 14  0 12 
x=3, y=2
State(23,22[45])
Step 260000, set=253118
 1  7 15  6 
 9  5  8 12 
 3 10  2 11 
13  4 14  0 
x=3, y=3
State(18,26[44])
Step 270000, set=262298
 9  1 15  6 
 4  3  8 12 
 7  2 10 11 
13  5  0 14 
x=3, y=2
State(13,30[43])
Step 280000, set=272774
 1  2  6  4 
 9  8 15  7 
13 11 12 14 
 5  3 10  0 
x=3, y=3
State(24,22[46])
Step 290000, set=283243
 9  1  2 12 
 7  3  6  8 
13  4 11 14 
 5 10 15  0 
x=3, y=3
State(24,22[46])
Step 300000, set=293905
 9  1 15  6 
 3  7  4  8 
 5 11  2 12 
13  0 10 14 
x=3, y=1
State(20,26[46])
Step 310000, set=303843
 1 15  0  4 
 9  7  8  6 
13  2 10 12 
 5  3 14 11 
x=0, y=2
State(20,26[46])
Step 320000, set=313755
 9  1 15  6 
 7  2  4 12 
 3 10 11  5 
13 14  8  0 
x=3, y=3
State(20,26[46])
Step 330000, set=323527
 1  7 15  8 
 9  3  6 11 
13  2  0 12 
 5 10  4 14 
x=2, y=2
State(20,26[46])
Step 340000, set=334511
 1  2  0  8 
13  4  7  6 
 9  3 11 12 
 5 10 15 14 
x=0, y=2
State(26,20[46])
Step 350000, set=344661
 1  2  6  4 
 9  5 15  8 
13  7  3 12 
10  0 14 11 
x=3, y=1
State(28,18[46])
Step 360000, set=355301
 1  2  4  6 
 3  5  7  8 
 9 10 11 12 
13 15  0 14 
x=3, y=2
State(33,12[45])
Step 370000, set=364581
 1  7  6 12 
 3  8 15  4 
 9 13  2 11 
 5 10 14  0 
x=3, y=3
State(20,24[44])
Step 380000, set=374265
 1  7  2 15 
 9  4  8  6 
 3 10  0 12 
13  5 14 11 
x=2, y=2
State(18,26[44])
Step 390000, set=383486
 1  2  7  6 
15  3  4 12 
 9  8 11 14 
13  5 10  0 
x=3, y=3
State(22,24[46])
Step 400000, set=393915
 1 15  2  6 
 9  3  8  4 
 5  7 13 12 
10 14  0 11 
x=3, y=2
State(21,24[45])
Step 410000, set=404088
 1  3  2  6 
 9  4 11  8 
 7  5 15 12 
13  0 10 14 
x=3, y=1
State(26,22[48])
Step 420000, set=417801
 0  2  3  6 
 1  9 15  8 
 7  5  4 12 
13 10 14 11 
x=0, y=0
State(22,26[48])
Step 430000, set=431486
 1  8 11  4 
 9  2  6 12 
 7  3  0 15 
13  5 10 14 
x=2, y=2
State(22,26[48])
Step 440000, set=444726
 9  1  6  2 
 7  3  8 12 
13 10  0 15 
 5 14 11  4 
x=2, y=2
State(24,24[48])
Step 450000, set=458161
 1 15  6  2 
 9  7  8  4 
13  3 11 12 
 5  0 10 14 
x=3, y=1
State(24,24[48])
Step 460000, set=471388
 9  1 15  6 
 7  0  8  4 
13  2  3 12 
 5 14 11 10 
x=1, y=1
State(20,28[48])
Step 470000, set=484907
 9  1 15  6 
 7  3 11  8 
 0 13  4 12 
 5  2 10 14 
x=2, y=0
State(16,32[48])
Step 480000, set=498183
 9  1 15  6 
 7  4 11  0 
 3  5  2  8 
13 10 14 12 
x=1, y=3
State(18,30[48])
Step 490000, set=511246
 1  7 15  6 
 9  2  3  8 
13 11 10 12 
 5 14  4  0 
x=3, y=3
State(26,20[46])
Step 500000, set=521598
 1  7  2  0 
 9  4  3 15 
13 10  8  6 
 5 14 11 12 
x=0, y=3
State(23,24[47])
Step 510000, set=531438
 1  2  6 12 
 9  8  7 11 
13  0  3 14 
 5 10 15  4 
x=2, y=1
State(23,24[47])
Step 520000, set=541279
 1  2  8  6 
 0  3 15  4 
 9  7 11 12 
13  5 10 14 
x=1, y=0
State(23,24[47])
Step 530000, set=550638
 1  2  6 12 
 9  7 15  3 
13  8  4  0 
 5 10 14 11 
x=2, y=3
State(23,24[47])
Step 540000, set=559790
 1  2  8  0 
13  4  7  6 
 9 15 11 12 
 5  3 10 14 
x=0, y=3
State(23,24[47])
Step 550000, set=567815
 9  1  6  4 
 8  2 15 12 
 7  5  3 11 
13 10  0 14 
x=3, y=2
State(23,24[47])
Step 560000, set=578487
 9  3  1  6 
 7  2 15  8 
13 11 10 12 
 5 14  4  0 
x=3, y=3
State(24,22[46])
Step 570000, set=588030
 1  2 15  6 
 9  7 11  8 
13  4 14 10 
 5  3  0 12 
x=3, y=2
State(21,26[47])
Step 580000, set=598236
 1 15  2  6 
 0  3  7 12 
 9 10  4  8 
13  5 14 11 
x=1, y=0
State(21,26[47])
Step 590000, set=608017
 1  7 15  0 
 9  3  4  6 
13  2 12  8 
 5 10 14 11 
x=0, y=3
State(21,26[47])
Step 600000, set=617753
 1  8  6  4 
 9  3  2 12 
13  7  0 11 
 5 10 15 14 
x=2, y=2
State(24,22[46])
Step 610000, set=627245
 1 15  2  6 
 8  7 11  4 
 9  0  3 12 
 5 10 13 14 
x=2, y=1
State(21,26[47])
Step 620000, set=636189
 1  3 15  6 
 9  7  2  4 
 5  0 11 12 
 8 13 10 14 
x=2, y=1
State(21,26[47])
Step 630000, set=644458
 9  1  6  4 
 7  2 11 15 
13  8 10 12 
 5  0  3 14 
x=3, y=1
State(20,26[46])
Step 640000, set=655526
 1 15  6 12 
 9  7  2  8 
13  0  3 11 
 5 10  4 14 
x=2, y=1
State(19,28[47])
Step 650000, set=665904
 9  1  6  2 
13  7  8 12 
 5 15  4  0 
10  3 14 11 
x=2, y=3
State(19,28[47])
Step 660000, set=675602
 1  2 12  8 
 3 15  0  6 
 9  7  4 11 
13  5 10 14 
x=1, y=2
State(19,28[47])
Step 670000, set=685292
 1  2 11  8 
 9 15  6  4 
 7  3  0 12 
13  5 10 14 
x=2, y=2
State(22,24[46])
Step 680000, set=694851
 1 15  4  6 
 0  2  7 12 
 9  3  8 11 
13  5 10 14 
x=1, y=0
State(19,28[47])
Step 690000, set=703966
 1  7  2 15 
 9  6  3 12 
13  8 11 14 
 5 10  4  0 
x=3, y=3
State(22,24[46])
Step 700000, set=712754
 9  1  4 15 
 7  2  8  6 
13 14 10 12 
 5  0  3 11 
x=3, y=1
State(20,26[46])
Step 710000, set=723740
 1  8 15  6 
 9  4  7 12 
13  2 11  0 
 5 10  3 14 
x=2, y=3
State(19,26[45])
Step 720000, set=734022
 9  1  4  0 
 8  2  6 15 
 7 13 10 12 
 5  3 14 11 
x=0, y=3
State(17,30[47])
Step 730000, set=743576
 9  1 15  6 
 7  8  4 12 
13  3 11  0 
 5 10 14  2 
x=2, y=3
State(17,30[47])
Step 740000, set=753046
 9  1 15  0 
 8  2  4  6 
 5  3 10 12 
 7 13 14 11 
x=0, y=3
State(17,30[47])
Step 750000, set=761619
 9  1  6  2 
 7  3 15 12 
13  4 10  8 
 5 11  0 14 
x=3, y=2
State(19,28[47])
Step 760000, set=769451
 1  4 15  6 
 3  8  2 12 
 9  5  7 11 
13 10 14  0 
x=3, y=3
State(22,22[44])
Step 770000, set=778847
 1 15  2  6 
 7  3 12  0 
 9  8  4 11 
13  5 10 14 
x=1, y=3
State(18,30[48])
Step 780000, set=788865
 1 15  0  6 
 7  8  2  4 
 3  9 11 12 
13  5 10 14 
x=0, y=2
State(18,30[48])
Step 790000, set=798302
 1 15  2  6 
 8  4 12  0 
 9  7  3 11 
 5 10 13 14 
x=1, y=3
State(18,30[48])
Step 800000, set=808204
 2  7  1  6 
 9  8 15 12 
 5  3  0 11 
10 13  4 14 
x=2, y=2
State(18,30[48])
Step 810000, set=817538
 9  1 15  6 
13  3  7 12 
10  5  8  4 
14  2  0 11 
x=3, y=2
State(19,28[47])
Step 820000, set=825589
 1  2 15  0 
 9 13  6  8 
 7  3 11 12 
 5 10  4 14 
x=0, y=3
State(21,26[47])
Step 830000, set=833002
 1 15  2  6 
 9  8  7 12 
 5 10  4 11 
 3 14 13  0 
x=3, y=3
State(22,24[46])
Step 840000, set=841877
 9 15  6  3 
 7  1  2 12 
13 10  8  0 
 5 14 11  4 
x=2, y=3
State(21,26[47])
Step 850000, set=850485
 9  2  1 15 
 7  0  8  6 
13 11  3  4 
 5 10 14 12 
x=1, y=1
State(20,28[48])
Step 860000, set=860775
 7 15  3  6 
 1  2  0  8 
 9 13 11 12 
 5 10  4 14 
x=1, y=2
State(21,26[47])
Step 870000, set=870829
 9  1  2  0 
13  7  6  8 
 3 10 11 15 
 5  4 14 12 
x=0, y=3
State(21,26[47])
Step 880000, set=880324
 1  6  3 12 
 9  2  7  8 
 5 11  4 15 
10 13 14  0 
x=3, y=3
State(28,16[44])
Step 890000, set=890777
 1 15  2  6 
 9  3  8 12 
 5  7 11  0 
10 13  4 14 
x=2, y=3
State(21,26[47])
Step 900000, set=900456
 9  1 15  6 
 7  2  4  8 
 5 11 12 14 
 3 13 10  0 
x=3, y=3
State(20,28[48])
Step 910000, set=909268
 1  7 15  6 
 9  4 11  8 
13  3  0 12 
 5 10  2 14 
x=2, y=2
State(20,28[48])
Step 920000, set=919833
 1  7 15  2 
 9  8  6 11 
13  3  0 12 
 5 10  4 14 
x=2, y=2
State(20,28[48])
Step 930000, set=929446
 1  7  6  3 
 8  2 15  0 
 9 13 11 12 
 5 10  4 14 
x=1, y=3
State(22,24[46])
Step 940000, set=939050
 9  1  4  6 
 7  2 11 12 
13  8 10 15 
 5  0  3 14 
x=3, y=1
State(20,28[48])
Step 950000, set=946842
 1 15  8  6 
 5  7  4  2 
 9 10  3 12 
13  0 14 11 
x=3, y=1
State(24,22[46])
Step 960000, set=954534
 1  2  8 15 
 5  7  4  6 
 9 10  0 12 
13 14  3 11 
x=2, y=2
State(28,18[46])
Step 970000, set=963978
 9  1  2 15 
 5  7  3  6 
10  4 12  0 
13 14  8 11 
x=2, y=3
State(23,24[47])
Step 980000, set=972819
 1  2  8  0 
 9  4  6 15 
 7 10 11 12 
 5 13  3 14 
x=0, y=3
State(23,24[47])
Step 990000, set=979933
 1 15  3  2 
 9  8  4  6 
 7 10 14 12 
13  5 11  0 
x=3, y=3
State(24,22[46])
Step 1000000, set=989451
 1  6 15  2 
 9  3  8 12 
13 10  7  4 
 5 14 11  0 
x=3, y=3
State(26,18[44])
Step 1010000, set=1000489
 1  2  7 12 
 9  6  4 15 
 0  8 10 11 
13  5  3 14 
x=2, y=0
State(22,26[48])
Step 1020000, set=1010751
 1  6  2 15 
13  9  7  8 
 3 11  4 12 
 5 10 14  0 
x=3, y=3
State(24,22[46])
Step 1030000, set=1020638
 1  2  8  6 
 7  9 12  4 
13  3 15  0 
 5 10 14 11 
x=2, y=3
State(23,24[47])
Step 1040000, set=1030240
 1  8 15  6 
 2  0  7  4 
 9  3 11 12 
13  5 10 14 
x=1, y=1
State(22,26[48])
Step 1050000, set=1040573
 3  1  8  6 
 2  0  7 12 
 9  5 15 11 
13 10  4 14 
x=1, y=1
State(22,26[48])
Step 1060000, set=1049544
 1  2  4  7 
 9  8 15  6 
13  3 11 12 
 5  0 10 14 
x=3, y=1
State(24,22[46])
Step 1070000, set=1062473
 1 15  6 12 
 9  3  7  8 
13 10  0 11 
 5 14  4  2 
x=2, y=2
State(22,26[48])
Step 1080000, set=1072234
 1  2  7  6 
 9  8 15  4 
13  0 12  3 
 5 10 14 11 
x=2, y=1
State(23,24[47])
Step 1090000, set=1082841
 9  2  6  4 
 7  0  1  3 
13 15  8 12 
 5 10 14 11 
x=1, y=1
State(22,26[48])
Step 1100000, set=1092564
 9  1 15  6 
 7  2 14  8 
 3  5 11  4 
13 10 12  0 
x=3, y=3
State(22,26[48])
Step 1110000, set=1102584
 1  3  2 15 
 9  8  4  6 
 5  7 13 12 
10  0 14 11 
x=3, y=1
State(22,26[48])
Step 1120000, set=1111456
 1  7  6  2 
 9  3  8 15 
 0 10  4 12 
13  5 14 11 
x=2, y=0
State(22,26[48])
Step 1130000, set=1124349
 1  2  8  6 
 3  5  7 12 
 0  9 15  4 
13 10 14 11 
x=2, y=0
State(26,22[48])
Step 1140000, set=1140052
 1  6  3  8 
13  9  7 15 
 0  2 11 12 
 5 10  4 14 
x=2, y=0
State(24,24[48])
Step 1150000, set=1152468
 1  2  4  6 
15  0 11  8 
 9  3  7 12 
13  5 10 14 
x=1, y=1
State(24,24[48])
Step 1160000, set=1165268
 1  4  6  8 
 9 15  7 12 
13  2 11 14 
 5  3 10  0 
x=3, y=3
State(24,24[48])
Step 1170000, set=1176241
 9  1  6  3 
 7  2 12  4 
13 10  0 15 
 5 14  8 11 
x=2, y=2
State(24,24[48])
Step 1180000, set=1191904
 1  2  4  6 
 7  9  8 12 
10 15  0 11 
 5 13  3 14 
x=2, y=2
State(24,24[48])
Step 1190000, set=1203762
 9 15  4  2 
 7  1  6  0 
13 10  3 12 
 5 14 11  8 
x=1, y=3
State(24,24[48])
Step 1200000, set=1216326
 1 15  3  8 
 9  7  6 11 
13  2 12 14 
 5 10  4  0 
x=3, y=3
State(24,24[48])
Step 1210000, set=1228473
 1 15  3  6 
 9  2  4  8 
 0  7 10 12 
13  5 14 11 
x=2, y=0
State(24,24[48])
Step 1220000, set=1238551
 1 15  2  8 
 9  4  7  6 
13  3  0 12 
 5 10 11 14 
x=2, y=2
State(24,24[48])
Step 1230000, set=1251736
 1  2  6  8 
 9  3  7 15 
13 10  0 11 
 5 14 12  4 
x=2, y=2
State(28,20[48])
Step 1240000, set=1265099
 1  6  3  4 
 9  2  7  8 
 0  5 15 12 
10 13 14 11 
x=2, y=0
State(32,16[48])
Step 1250000, set=1277735
 9  3  1  2 
 7  6 15 12 
13 11  8 14 
 5 10  4  0 
x=3, y=3
State(20,26[46])
Step 1260000, set=1288356
 9  2  1  6 
 0  7  8 12 
13  4 15 11 
 5  3 10 14 
x=1, y=0
State(15,32[47])
Step 1270000, set=1298093
 9  6 15  8 
 7  1  2 12 
13  3  4 11 
 5 10 14  0 
x=3, y=3
State(18,26[44])
Step 1280000, set=1307481
 9  1 15  6 
 7  8 11  2 
13  4 10 12 
 0  5  3 14 
x=3, y=0
State(13,34[47])
Step 1290000, set=1317227
 9  1 15  6 
 0  8 12  4 
 7 13  3  2 
 5 10 14 11 
x=1, y=0
State(11,36[47])
Step 1300000, set=1326434
 9  1  6 12 
 7  8  2 15 
13  3  4 11 
 0  5 10 14 
x=3, y=0
State(13,34[47])
Step 1310000, set=1335915
 9  1 15  6 
13  7  2 12 
 8  3 14  4 
 5 10 11  0 
x=3, y=3
State(16,30[46])
Step 1320000, set=1346327
 1  4 15  6 
 9  2  8 12 
13  3  0  7 
 5 10 14 11 
x=2, y=2
State(22,26[48])
Step 1330000, set=1355758
 1 15  6 12 
 7  2  8 11 
 9 13 10  0 
 5  3 14  4 
x=2, y=3
State(19,28[47])
Step 1340000, set=1364652
 9  1  2 15 
 7 11  6 12 
13  8  3  0 
 5 10  4 14 
x=2, y=3
State(17,30[47])
Step 1350000, set=1373027
 1  2 11 15 
 9  8  4  6 
 7  3  0 12 
13  5 10 14 
x=2, y=2
State(18,28[46])
Step 1360000, set=1381839
 9  2  1  6 
 7  3 15  4 
 0 10  8 12 
13  5 14 11 
x=2, y=0
State(22,26[48])
Step 1370000, set=1393299
 1  7 15  6 
 5  2  3 12 
 9  8  0 11 
13 10  4 14 
x=2, y=2
State(24,24[48])
Step 1380000, set=1404182
 9  1  4  6 
 7  2 10  0 
13 15  3 12 
 5  8 14 11 
x=1, y=3
State(20,28[48])
Step 1390000, set=1415625
 9  1 15  6 
 7  8  2  4 
 3 14 11 12 
13  0  5 10 
x=3, y=1
State(18,30[48])
Step 1400000, set=1425573
 9  1 15  6 
13  7  3 12 
 2  8  0  4 
 5 10 14 11 
x=2, y=2
State(18,30[48])
Step 1410000, set=1435332
 1  2 15  6 
 9  3  8 12 
 7 13 14  0 
 5 10 11  4 
x=2, y=3
State(21,26[47])
Step 1420000, set=1445012
 9  1  6  4 
 7  8 15  2 
10  5  3 12 
13  0 14 11 
x=3, y=1
State(22,24[46])
Step 1430000, set=1454224
 1 15  2  6 
 8  7 12 11 
 9  0 10  4 
 5 13  3 14 
x=2, y=1
State(17,30[47])
Step 1440000, set=1463319
 9  1 15  6 
 3  4  8 12 
 2  7 10 11 
13  0  5 14 
x=3, y=1
State(16,32[48])
Step 1450000, set=1472875
 9  1  0  6 
 7  2 15 12 
13  5  8  4 
 3 10 14 11 
x=0, y=2
State(16,32[48])
Step 1460000, set=1483297
 1  2  8 15 
 9  3  4  6 
13 10  7  0 
 5 11 14 12 
x=2, y=3
State(25,22[47])
Step 1470000, set=1492879
 9  1  6  4 
 7  2  8 12 
13  3 15  0 
 5 10 11 14 
x=2, y=3
State(25,22[47])
Step 1480000, set=1502494
 1  3  2  4 
 9  6  7  8 
13 11  0 12 
 5 10 15 14 
x=2, y=2
State(34,12[46])
Step 1490000, set=1512219
 1  7  8  6 
 2  3 15  4 
 9 11 10  0 
13  5 14 12 
x=2, y=3
State(25,22[47])
Step 1500000, set=1520792
 1  2 15  6 
 7  9  3 12 
13 10 11  0 
 5 14  4  8 
x=2, y=3
State(25,22[47])
Step 1510000, set=1527897
 1  2  6  8 
 9  4  7 15 
13  3 12  0 
 5 10 11 14 
x=2, y=3
State(25,22[47])
Step 1520000, set=1535996
15  2  3  6 
 1  5 11  8 
 9  0  7 12 
13 10  4 14 
x=2, y=1
State(25,22[47])
Step 1530000, set=1545145
 2  1  6  4 
 9  7 15  8 
13  3 11 12 
 5 10 14  0 
x=3, y=3
State(28,16[44])
Step 1540000, set=1554769
 1  2  7  6 
 8  3 15 11 
 9  5 12  0 
13 10 14  4 
x=2, y=3
State(25,22[47])
Step 1550000, set=1562430
 1 15  2  6 
 8  5  4  3 
 9 10 11 12 
13  7  0 14 
x=3, y=2
State(25,22[47])
Step 1560000, set=1569508
 1  7  6  4 
 9  2 15 12 
13  3  8  0 
 5 10 14 11 
x=2, y=3
State(25,22[47])
Step 1570000, set=1577379
 1  2  6  0 
 9  8  7  4 
 3 11 15 12 
13  5 10 14 
x=0, y=3
State(25,22[47])
Step 1580000, set=1585635
 1  2 15  6 
 9  3  4  8 
13  0  7 12 
 5 10 11 14 
x=2, y=1
State(25,22[47])
Step 1590000, set=1592409
 1  2  8  6 
15  7  4 12 
 9  5 11  0 
13 10  3 14 
x=2, y=3
State(25,22[47])
Step 1600000, set=1600088
 1  2 15  6 
 9  8  7  4 
13 10  0 12 
 5 14  3 11 
x=2, y=2
State(26,20[46])
Step 1610000, set=1606992
 1  7  2 12 
 9  3  6  4 
13 15  8  0 
 5 10 14 11 
x=2, y=3
State(25,22[47])
Step 1620000, set=1614016
 1  2  8  6 
 7  9 15 12 
13 10  3  0 
 5 14 11  4 
x=2, y=3
State(25,22[47])
Step 1630000, set=1625229
 1 15  2  3 
 9  7  8  6 
13 10 11  4 
 5  0 14 12 
x=3, y=1
State(28,20[48])
Step 1640000, set=1639719
 1  2  4  8 
 9 15  3  6 
13 10  7 12 
 0  5 14 11 
x=3, y=0
State(27,20[47])
Step 1650000, set=1649555
 1  2  3  6 
 7 10 15  4 
 9  0 12  8 
13  5 14 11 
x=2, y=1
State(27,20[47])
Step 1660000, set=1658965
 1  3  7  4 
 9  6  0  8 
13  2 15 12 
 5 10 14 11 
x=1, y=2
State(29,16[45])
Step 1670000, set=1667126
 1  2 15  4 
 5  7  8  6 
 9  3  0 12 
13 10 14 11 
x=2, y=2
State(30,16[46])
Step 1680000, set=1676330
 1  0  2  4 
 9  6  7  3 
13  8 15 12 
 5 10 14 11 
x=0, y=1
State(27,20[47])
Step 1690000, set=1685776
 1  2  8  6 
 9  3 15  4 
 7 10 11  0 
13 14  5 12 
x=2, y=3
State(27,20[47])
Step 1700000, set=1693088
 1  3  8  6 
 5 11  7  2 
 9 10 15 12 
13  4 14  0 
x=3, y=3
State(28,18[46])
Step 1710000, set=1700327
 1  2  3  8 
 9 10 15  6 
 7  5 11 12 
13  4  0 14 
x=3, y=2
State(27,20[47])
Step 1720000, set=1707612
 1  8  6 12 
 2  7 11  4 
 9 10  3  0 
 5 13 14 15 
x=2, y=3
State(27,20[47])
Step 1730000, set=1719170
 1  6  2  4 
 9  3  7 12 
13 10 15  8 
 0  5 14 11 
x=3, y=0
State(29,18[47])
Step 1740000, set=1728566
 1  4  2  8 
 7  6 15 12 
 9 10  3 11 
13  5 14  0 
x=3, y=3
State(30,16[46])
Step 1750000, set=1737348
 1  6  3  2 
 9  7 15  4 
 5 13 10  8 
 0 14 11 12 
x=3, y=0
State(29,18[47])
Step 1760000, set=1745896
 1  2  3  4 
 9  8  6  0 
 7 10 15 12 
 5 14 13 11 
x=1, y=3
State(30,16[46])
Step 1770000, set=1753893
 1  2  3  4 
 9  8  6 12 
 7 10 14 15 
13  5 11  0 
x=3, y=3
State(30,16[46])
Step 1780000, set=1763399
 1  2  4  6 
 9 10  7  8 
13  3 12 11 
 5 14  0 15 
x=3, y=2
State(31,16[47])
Step 1790000, set=1772772
 1  4  2  6 
 9  3  7  8 
13 10 11 15 
 5 14  0 12 
x=3, y=2
State(31,16[47])
Step 1800000, set=1781274
 1  2  3  6 
 5 15  0  8 
 9  7 11  4 
13 10 14 12 
x=1, y=2
State(31,16[47])
Step 1810000, set=1790346
 1  2  3  8 
 9  6  7  4 
13 10 11 15 
 5 14  0 12 
x=3, y=2
State(35,10[45])
Step 1820000, set=1798651
 1  2  3  4 
 9  6  7  8 
13 10  0 11 
 5 14 15 12 
x=2, y=2
State(40,08[48])
Step 1830000, set=1807682
 9  1 15  6 
 8  4 11  2 
 7  5 10 12 
13  3  0 14 
x=3, y=2
State(15,32[47])
Step 1840000, set=1817628
 1  2 15  6 
 9  8  7  4 
13 10  3 12 
 5  0 14 11 
x=3, y=1
State(26,20[46])
Step 1850000, set=1827403
 1  2  6 12 
 9  7  8 11 
 3 15  4 14 
13  5 10  0 
x=3, y=3
State(22,26[48])
Step 1860000, set=1838096
 1  2  7  6 
 9  3 11  4 
13 10  8 12 
 5  0 15 14 
x=3, y=1
State(28,18[46])
Step 1870000, set=1849036
 1  2  6  3 
 9 11  8  7 
13 15  4 12 
 5 10  0 14 
x=3, y=2
State(27,20[47])
Step 1880000, set=1858750
 1 15  4  2 
 5  7  8  6 
13  9 11 12 
10  0  3 14 
x=3, y=1
State(26,22[48])
Step 1890000, set=1868471
 1  2  4  0 
 9  7  6  8 
13 10  3 12 
 5 14 11 15 
x=0, y=3
State(33,14[47])
Step 1900000, set=1878137
 1  2  6 12 
 7  8  3  0 
 9  5 15 11 
13 10  4 14 
x=1, y=3
State(26,22[48])
Step 1910000, set=1886708
 1  7  6  4 
 9  2  3 15 
13  8 12 14 
 5 10 11  0 
x=3, y=3
State(26,22[48])
Step 1920000, set=1897400
 1  2  3  6 
 9 15  4  0 
 5  7 12  8 
10 13 14 11 
x=1, y=3
State(26,22[48])
Step 1930000, set=1908330
 1  2  6  0 
15  7  8  4 
 9  5 11 12 
13 10  3 14 
x=0, y=3
State(27,20[47])
Step 1940000, set=1918760
 1  8  6  4 
 3  2 15 12 
 9 10 11 14 
13  7  5  0 
x=3, y=3
State(26,22[48])
Step 1950000, set=1928423
 1  2  4 12 
 9 15  6  8 
13  7 11 14 
 5  3 10  0 
x=3, y=3
State(26,22[48])
Step 1960000, set=1937086
 1  2  3  6 
 9 15 11  4 
 8 10  5 12 
13  0  7 14 
x=3, y=1
State(26,22[48])
Step 1970000, set=1945965
 1  2  8  6 
 9  3  7  0 
13  4 15 12 
 5 10 14 11 
x=1, y=3
State(26,22[48])
Step 1980000, set=1955587
 1  2 15  6 
 9  7  8 12 
 5 13  4 11 
 3 10  0 14 
x=3, y=2
State(21,26[47])
Step 1990000, set=1965015
 1  3 15  6 
 5  8  2 12 
 9 13  0 11 
 7 10  4 14 
x=2, y=2
State(20,28[48])
Step 2000000, set=1974482
 1 15  3  6 
 9  8  2 12 
13 10  7  4 
 5 14 11  0 
x=3, y=3
State(24,20[44])
Step 2010000, set=1983300
 1  2 15  6 
 9 12  8 11 
 5  7 10  4 
 0 13  3 14 
x=3, y=0
State(19,28[47])
Step 2020000, set=1994574
 1  2  8  4 
 9  6 11 15 
 7  5 14  3 
13 10 12  0 
x=3, y=3
State(28,20[48])
Step 2030000, set=2004416
 1  6  3  4 
 9  7  2  8 
13 10 11  0 
 5 14 15 12 
x=2, y=3
State(35,10[45])
Step 2040000, set=2013875
 1  3 15  6 
 9  2  4  8 
 7 10 11  5 
13 14 12  0 
x=3, y=3
State(28,20[48])
Step 2050000, set=2023572
 1  6  3  2 
 9  7  8  0 
13 15 11 12 
 5 10  4 14 
x=1, y=3
State(28,20[48])
Step 2060000, set=2034833
 1  6  8  2 
 9  3  7  0 
13 10  4 15 
 5 14 11 12 
x=1, y=3
State(28,20[48])
Step 2070000, set=2043961
 1  2  6  4 
 5 15  3  8 
 9 10  7 12 
13 14  0 11 
x=3, y=2
State(35,10[45])
Step 2080000, set=2053896
 1  2  7  4 
13  9  3  6 
 5 15  8 12 
10 14 11  0 
x=3, y=3
State(30,16[46])
Step 2090000, set=2063499
 1  2  6  4 
 9 15 11  8 
 5  7  3 12 
10 13 14  0 
x=3, y=3
State(30,16[46])
Step 2100000, set=2071481
 1  2  3  6 
 5  8 15  4 
 9 11  0 12 
 7 13 10 14 
x=2, y=2
State(28,20[48])
Step 2110000, set=2082198
 1  2  3  8 
 9  7  6 12 
13 10  4  0 
 5 14 15 11 
x=2, y=3
State(33,14[47])
Step 2120000, set=2092245
 1  2  3  6 
 9  4  7  8 
 5 13 15 12 
10 14 11  0 
x=3, y=3
State(32,14[46])
Step 2130000, set=2102558
 1  6  7 12 
 5  3 15  8 
 9  2  0  4 
13 10 14 11 
x=2, y=2
State(30,18[48])
Step 2140000, set=2113031
 1 15  2  3 
 5  7  8  6 
 9 10  0 12 
13 14  4 11 
x=2, y=2
State(30,18[48])
Step 2150000, set=2123441
 1  3  6  8 
 9  2  7  0 
13 10 15 12 
 5 14  4 11 
x=1, y=3
State(30,18[48])
Step 2160000, set=2132339
 1  2  8  4 
 5  7 11  6 
 9 15  3 12 
13 10  0 14 
x=3, y=2
State(33,14[47])
Step 2170000, set=2142110
 1  3  2  8 
 5 12  6  4 
 9  7  0 11 
13 10 15 14 
x=2, y=2
State(32,16[48])
Step 2180000, set=2152981
 1  2  7 12 
 9  6  4  3 
13 10  0 11 
 5 14 15  8 
x=2, y=2
State(32,16[48])
Step 2190000, set=2161693
 1  2  6  4 
 9  3  7  8 
 0 10 11 12 
13  5 15 14 
x=2, y=0
State(34,14[48])
Step 2200000, set=2171815
 1  2  6  4 
 3  5  7  8 
 9 14 15 12 
13  0 10 11 
x=3, y=1
State(34,14[48])
After 2208436 variants search a solution found.
<---solution--->
0 Step ------------
 9  1 15  6 
 7  8  2 12 
13  3  4 11 
 5  0 10 14 
x=3, y=1
State(00,32[32])
1 Step ------------
 9  1 15  6 
 7  8  2 12 
13  3  4 11 
 0  5 10 14 
x=3, y=0
State(01,34[35])
2 Step ------------
 9  1 15  6 
 7  8  2 12 
 0  3  4 11 
13  5 10 14 
x=2, y=0
State(02,34[36])
3 Step ------------
 9  1 15  6 
 0  8  2 12 
 7  3  4 11 
13  5 10 14 
x=1, y=0
State(03,36[39])
4 Step ------------
 0  1 15  6 
 9  8  2 12 
 7  3  4 11 
13  5 10 14 
x=0, y=0
State(04,36[40])
5 Step ------------
 1  0 15  6 
 9  8  2 12 
 7  3  4 11 
13  5 10 14 
x=0, y=1
State(05,34[39])
6 Step ------------
 1  8 15  6 
 9  0  2 12 
 7  3  4 11 
13  5 10 14 
x=1, y=1
State(06,34[40])
7 Step ------------
 1  8 15  6 
 9  2  0 12 
 7  3  4 11 
13  5 10 14 
x=1, y=2
State(07,32[39])
8 Step ------------
 1  8  0  6 
 9  2 15 12 
 7  3  4 11 
13  5 10 14 
x=0, y=2
State(08,32[40])
9 Step ------------
 1  8  6  0 
 9  2 15 12 
 7  3  4 11 
13  5 10 14 
x=0, y=3
State(09,30[39])
10 Step ------------
 1  8  6 12 
 9  2 15  0 
 7  3  4 11 
13  5 10 14 
x=1, y=3
State(10,30[40])
11 Step ------------
 1  8  6 12 
 9  2  0 15 
 7  3  4 11 
13  5 10 14 
x=1, y=2
State(11,32[43])
12 Step ------------
 1  8  6 12 
 9  2  4 15 
 7  3  0 11 
13  5 10 14 
x=2, y=2
State(12,30[42])
13 Step ------------
 1  8  6 12 
 9  2  4 15 
 7  0  3 11 
13  5 10 14 
x=2, y=1
State(13,30[43])
14 Step ------------
 1  8  6 12 
 9  2  4 15 
 7  5  3 11 
13  0 10 14 
x=3, y=1
State(14,28[42])
15 Step ------------
 1  8  6 12 
 9  2  4 15 
 7  5  3 11 
13 10  0 14 
x=3, y=2
State(15,26[41])
16 Step ------------
 1  8  6 12 
 9  2  4 15 
 7  5  3 11 
13 10 14  0 
x=3, y=3
State(16,24[40])
17 Step ------------
 1  8  6 12 
 9  2  4 15 
 7  5  3  0 
13 10 14 11 
x=2, y=3
State(17,26[43])
18 Step ------------
 1  8  6 12 
 9  2  4  0 
 7  5  3 15 
13 10 14 11 
x=1, y=3
State(18,26[44])
19 Step ------------
 1  8  6 12 
 9  2  0  4 
 7  5  3 15 
13 10 14 11 
x=1, y=2
State(19,26[45])
20 Step ------------
 1  8  0 12 
 9  2  6  4 
 7  5  3 15 
13 10 14 11 
x=0, y=2
State(20,26[46])
21 Step ------------
 1  0  8 12 
 9  2  6  4 
 7  5  3 15 
13 10 14 11 
x=0, y=1
State(21,26[47])
22 Step ------------
 1  2  8 12 
 9  0  6  4 
 7  5  3 15 
13 10 14 11 
x=1, y=1
State(22,24[46])
23 Step ------------
 1  2  8 12 
 9  5  6  4 
 7  0  3 15 
13 10 14 11 
x=2, y=1
State(23,22[45])
24 Step ------------
 1  2  8 12 
 9  5  6  4 
 0  7  3 15 
13 10 14 11 
x=2, y=0
State(24,22[46])
25 Step ------------
 1  2  8 12 
 0  5  6  4 
 9  7  3 15 
13 10 14 11 
x=1, y=0
State(25,22[47])
26 Step ------------
 1  2  8 12 
 5  0  6  4 
 9  7  3 15 
13 10 14 11 
x=1, y=1
State(26,20[46])
27 Step ------------
 1  2  8 12 
 5  6  0  4 
 9  7  3 15 
13 10 14 11 
x=1, y=2
State(27,18[45])
28 Step ------------
 1  2  8 12 
 5  6  4  0 
 9  7  3 15 
13 10 14 11 
x=1, y=3
State(28,18[46])
29 Step ------------
 1  2  8  0 
 5  6  4 12 
 9  7  3 15 
13 10 14 11 
x=0, y=3
State(29,18[47])
30 Step ------------
 1  2  0  8 
 5  6  4 12 
 9  7  3 15 
13 10 14 11 
x=0, y=2
State(30,18[48])
31 Step ------------
 1  2  4  8 
 5  6  0 12 
 9  7  3 15 
13 10 14 11 
x=1, y=2
State(31,16[47])
32 Step ------------
 1  2  4  8 
 5  6  3 12 
 9  7  0 15 
13 10 14 11 
x=2, y=2
State(32,14[46])
33 Step ------------
 1  2  4  8 
 5  6  3 12 
 9  0  7 15 
13 10 14 11 
x=2, y=1
State(33,14[47])
34 Step ------------
 1  2  4  8 
 5  6  3 12 
 9 10  7 15 
13  0 14 11 
x=3, y=1
State(34,12[46])
35 Step ------------
 1  2  4  8 
 5  6  3 12 
 9 10  7 15 
13 14  0 11 
x=3, y=2
State(35,10[45])
36 Step ------------
 1  2  4  8 
 5  6  3 12 
 9 10  7 15 
13 14 11  0 
x=3, y=3
State(36,08[44])
37 Step ------------
 1  2  4  8 
 5  6  3 12 
 9 10  7  0 
13 14 11 15 
x=2, y=3
State(37,08[45])
38 Step ------------
 1  2  4  8 
 5  6  3  0 
 9 10  7 12 
13 14 11 15 
x=1, y=3
State(38,08[46])
39 Step ------------
 1  2  4  0 
 5  6  3  8 
 9 10  7 12 
13 14 11 15 
x=0, y=3
State(39,08[47])
40 Step ------------
 1  2  0  4 
 5  6  3  8 
 9 10  7 12 
13 14 11 15 
x=0, y=2
State(40,08[48])
41 Step ------------
 1  2  3  4 
 5  6  0  8 
 9 10  7 12 
13 14 11 15 
x=1, y=2
State(41,06[47])
42 Step ------------
 1  2  3  4 
 5  6  7  8 
 9 10  0 12 
13 14 11 15 
x=2, y=2
State(42,04[46])
43 Step ------------
 1  2  3  4 
 5  6  7  8 
 9 10 11 12 
13 14  0 15 
x=3, y=2
State(43,02[45])
44 Step ------------
 1  2  3  4 
 5  6  7  8 
 9 10 11 12 
13 14 15  0 
x=3, y=3
State(44,00[44])
